c++ (Ubuntu/Linaro 4.7.3-1ubuntu1) 4.7.3
Copyright © 2012 Free Software Foundation, Inc.
本程序是自由软件；请参看源代码的版权声明。本软件没有任何担保；
包括没有适销性和某一专用目的下的适用性担保。

Ubuntu 13.04 x86_64

==================== 100000000 * 4Bytes ====================
750,2800
750,2800
730,2800
770,2800
760,2800
740,2800
770,2790
760,2800
770,2800
760,2790

==================== 100000000 * 8Bytes ====================
720,2800
730,2800
770,2790
740,2800
730,2800
740,2800
750,2800
770,2800
730,2790
710,2800

==================== 100000000 * 16Bytes ====================
720,2800
710,2800
730,2800
720,2800
730,2800
720,2790
720,2800
720,2790
720,2800
720,2800

==================== 100000000 * 32Bytes ====================
750,2820
750,2810
750,2810
750,2830
760,2790
760,2790
750,2800
750,2810
760,2800
760,2810

==================== 100000000 * 64Bytes ====================
1730,2800
1730,2810
1730,2800
1720,2810
1730,2800
1730,2810
1720,2810
1730,2800
1730,2800
1730,2800

==================== 100000000 * 128Bytes ====================
2050,4080
2040,4080
2050,4080
2040,4080
2040,4090
2040,4080
2050,4070
2050,4080
2040,4080
2050,4070

==================== 100000000 * 256Bytes ====================
2570,4080
2570,4120
2560,4080
2570,4080
2570,4080
2570,4080
2560,4080
2560,4080
2560,4070
2570,4070

==================== 100000000 * 512Bytes ====================
3630,4050
3600,4010
3600,4030
3600,4000
3600,4020
3600,4010
3600,4020
3600,4010
3640,4020
3600,4010

==================== 100000000 * 1024Bytes ====================
8180,4080
8170,4090
8170,4090
8160,4090
8170,4090
8200,4110
8200,4080
8180,4090
8170,4090
8170,4080

==================== 100000000 * 2048Bytes ====================
10280,4090
10280,4080
10270,4100
10260,4100
10270,4090
10270,4090
10260,4100
10270,4090
10270,4090
10270,4090

==================== 100000000 * 4096Bytes ====================
14480,4060
14630,4020
14570,4060
14420,4030
14430,4020
14420,4030
14410,4020
14420,4020
14420,4030
14410,4020
